/Users/haroonahmed/PycharmProjects/pythonProject/.venv/bin/python /Users/haroonahmed/PycharmProjects/pythonProject/Assignment11.py
Graph Read from Graph1.txt

Adjacency Matrix:
[[1 0 1 1 1]
 [1 1 1 0 0]
 [1 1 1 1 1]
 [0 0 0 1 1]
 [1 0 1 0 1]]

Adjacency Table:
0 : [0, 2, 3, 4]
1 : [0, 1, 2]
2 : [0, 1, 2, 3, 4]
3 : [3, 4]
4 : [0, 2, 4]

Edge Set:
{(4, 0), (3, 4), (4, 3), (3, 1), (0, 2), (2, 2), (1, 0), (4, 2), (3, 0), (3, 3), (2, 4), (1, 2), (0, 4), (2, 1), (3, 2), (4, 1), (4, 4), (0, 0), (1, 1), (0, 3), (2, 0), (2, 3)}

Incidence Matrix:
[[1 0 0 0 1 0 1 0 1 0 0 0 1 0 0 0 0 1 0 1 1 0]
 [0 0 0 1 0 0 1 0 0 0 0 1 0 1 0 1 0 0 1 0 0 0]
 [0 0 0 0 1 1 0 1 0 0 1 1 0 1 1 0 0 0 0 0 1 1]
 [0 1 1 1 0 0 0 0 1 1 0 0 0 0 1 0 0 0 0 1 0 1]
 [1 1 1 0 0 0 0 1 0 0 1 0 1 0 0 1 1 0 0 0 0 0]]

Relation Properties for the Graph
+-----------------+-------+
|  Property name  | Value |
+=================+=======+
| reflexive       | True  |
+-----------------+-------+
| anti_reflexive  | False |
+-----------------+-------+
| irreflexive     | False |
+-----------------+-------+
| symmetric       | False |
+-----------------+-------+
| anti_symmetric  | False |
+-----------------+-------+
| asymmetric      | False |
+-----------------+-------+
| transitive      | False |
+-----------------+-------+
| intransitive    | True  |
+-----------------+-------+
| anti_transitive | False |
+-----------------+-------+


Vertex Properties for the Graph
+--------+------------+-----------+-----------------+
| Vertex | Out Degree | In Degree |    Neighbors    |
+========+============+===========+=================+
|      0 |          4 |         4 | [0, 2, 3, 4]    |
+--------+------------+-----------+-----------------+
|      1 |          3 |         2 | [0, 1, 2]       |
+--------+------------+-----------+-----------------+
|      2 |          5 |         4 | [0, 1, 2, 3, 4] |
+--------+------------+-----------+-----------------+
|      3 |          2 |         3 | [3, 4]          |
+--------+------------+-----------+-----------------+
|      4 |          3 |         4 | [0, 2, 4]       |
+--------+------------+-----------+-----------------+


Random Graph of Size 8

Adjacency Matrix:
[[0 0 0 1 1 0 1 0]
 [0 0 0 0 0 0 0 1]
 [0 0 0 1 0 1 0 0]
 [0 0 0 0 1 1 0 0]
 [0 0 0 0 0 1 0 1]
 [0 0 0 0 0 0 1 1]
 [0 0 0 0 0 0 0 1]
 [0 0 0 0 0 0 0 0]]

Adjacency Table:
0 : [3, 4, 6]
1 : [7]
2 : [3, 5]
3 : [4, 5]
4 : [5, 7]
5 : [6, 7]
6 : [7]
7 : []

Edge Set:
{(4, 0), (4, 3), (3, 1), (5, 4), (5, 1), (1, 0), (7, 4), (6, 2), (7, 1), (6, 5), (4, 2), (3, 0), (5, 0), (5, 3), (2, 1), (6, 1), (7, 0), (6, 4), (7, 3), (7, 6), (3, 2), (4, 1), (5, 2), (2, 0), (7, 2), (6, 0), (7, 5), (6, 3)}

Incidence Matrix:
[[1 0 0 0 0 1 0 0 0 0 0 1 1 0 0 0 1 0 0 0 0 0 0 1 0 1 0 0]
 [0 0 1 0 1 1 0 0 1 0 0 0 0 0 1 1 0 0 0 0 0 1 0 0 0 0 0 0]
 [0 0 0 0 0 0 0 1 0 0 1 0 0 0 1 0 0 0 0 0 1 0 1 1 1 0 0 0]
 [0 1 1 0 0 0 0 0 0 0 0 1 0 1 0 0 0 0 1 0 1 0 0 0 0 0 0 1]
 [1 1 0 1 0 0 1 0 0 0 1 0 0 0 0 0 0 1 0 0 0 1 0 0 0 0 0 0]
 [0 0 0 1 1 0 0 0 0 1 0 0 1 1 0 0 0 0 0 0 0 0 1 0 0 0 1 0]
 [0 0 0 0 0 0 0 1 0 1 0 0 0 0 0 1 0 1 0 1 0 0 0 0 0 1 0 1]
 [0 0 0 0 0 0 1 0 1 0 0 0 0 0 0 0 1 0 1 1 0 0 0 0 1 0 1 0]]

Relation Properties for the Graph
+-----------------+-------+
|  Property name  | Value |
+=================+=======+
| reflexive       | False |
+-----------------+-------+
| anti_reflexive  | True  |
+-----------------+-------+
| irreflexive     | False |
+-----------------+-------+
| symmetric       | False |
+-----------------+-------+
| anti_symmetric  | False |
+-----------------+-------+
| asymmetric      | False |
+-----------------+-------+
| transitive      | False |
+-----------------+-------+
| intransitive    | True  |
+-----------------+-------+
| anti_transitive | False |
+-----------------+-------+


Vertex Properties for the Graph
+--------+------------+-----------+-----------+
| Vertex | Out Degree | In Degree | Neighbors |
+========+============+===========+===========+
|      0 |          3 |         0 | [3, 4, 6] |
+--------+------------+-----------+-----------+
|      1 |          1 |         0 | [7]       |
+--------+------------+-----------+-----------+
|      2 |          2 |         0 | [3, 5]    |
+--------+------------+-----------+-----------+
|      3 |          2 |         2 | [4, 5]    |
+--------+------------+-----------+-----------+
|      4 |          2 |         2 | [5, 7]    |
+--------+------------+-----------+-----------+
|      5 |          2 |         3 | [6, 7]    |
+--------+------------+-----------+-----------+
|      6 |          1 |         2 | [7]       |
+--------+------------+-----------+-----------+
|      7 |          0 |         4 | []        |
+--------+------------+-----------+-----------+


Random Graph of Size 10 with P = .9

Adjacency Matrix:
[[0 1 1 1 1 1 1 1 1 0]
 [0 0 1 0 1 1 1 1 1 1]
 [1 1 0 1 0 1 1 0 1 1]
 [1 1 1 0 0 1 1 1 1 0]
 [1 1 1 1 0 0 1 1 0 1]
 [1 1 1 1 1 0 1 1 0 1]
 [1 1 0 1 1 1 0 1 1 1]
 [1 1 1 0 1 1 1 0 1 1]
 [1 1 1 1 1 0 1 1 0 1]
 [1 1 1 1 1 1 1 1 1 0]]

Adjacency Table:
0 : [1, 2, 3, 4, 5, 6, 7, 8]
1 : [2, 4, 5, 6, 7, 8, 9]
2 : [0, 1, 3, 5, 6, 8, 9]
3 : [0, 1, 2, 5, 6, 7, 8]
4 : [0, 1, 2, 3, 6, 7, 9]
5 : [0, 1, 2, 3, 4, 6, 7, 9]
6 : [0, 1, 3, 4, 5, 7, 8, 9]
7 : [0, 1, 2, 4, 5, 6, 8, 9]
8 : [0, 1, 2, 3, 4, 6, 7, 9]
9 : [0, 1, 2, 3, 4, 5, 6, 7, 8]

Edge Set:
{(4, 0), (4, 9), (5, 1), (8, 0), (8, 9), (9, 8), (0, 5), (6, 2), (7, 1), (4, 2), (3, 6), (5, 3), (8, 2), (9, 1), (0, 7), (1, 8), (6, 4), (7, 3), (3, 8), (8, 4), (9, 3), (7, 5), (3, 1), (5, 7), (9, 5), (0, 2), (5, 0), (5, 9), (9, 7), (1, 5), (6, 1), (7, 0), (7, 9), (3, 5), (5, 2), (9, 0), (1, 7), (2, 6), (7, 2), (3, 7), (5, 4), (4, 6), (9, 2), (8, 6), (1, 0), (1, 9), (2, 8), (7, 4), (6, 8), (3, 0), (5, 6), (1, 2), (0, 4), (2, 1), (3, 2), (4, 1), (8, 1), (1, 4), (0, 6), (2, 3), (6, 3), (4, 3), (8, 3), (1, 6), (0, 8), (2, 5), (6, 5), (8, 5), (9, 4), (0, 1), (6, 7), (7, 6), (4, 7), (8, 7), (9, 6), (0, 3), (2, 0), (2, 9), (6, 0), (6, 9), (7, 8)}

Incidence Matrix:
[[1 0 0 1 0 0 1 0 0 0 0 0 0 0 1 0 0 0 0 0 0 0 0 0 0 1 1 0 0 0 0 1 0 0 0 1
  0 0 0 0 0 0 0 0 1 0 0 0 0 1 0 0 1 0 0 0 0 0 1 0 0 0 0 0 1 0 0 0 0 1 0 0
  0 0 0 1 1 0 1 0 0]
 [0 0 1 0 0 0 0 0 1 0 0 0 0 1 0 1 0 0 0 0 0 0 1 0 0 0 0 0 0 1 1 0 0 0 0 0
  1 0 0 0 0 0 0 0 1 1 0 0 0 0 0 1 0 1 0 1 1 1 0 0 0 0 0 1 0 0 0 0 0 1 0 0
  0 0 0 0 0 0 0 0 0]
 [0 0 0 0 0 0 0 1 0 1 0 0 1 0 0 0 0 0 0 0 0 0 0 0 0 1 0 0 0 0 0 0 0 0 1 0
  0 1 1 0 0 0 1 0 0 0 1 0 0 0 0 1 0 1 1 0 0 0 0 1 0 0 0 0 0 1 0 0 0 0 0 0
  0 0 0 0 1 1 0 0 0]
 [0 0 0 0 0 0 0 0 0 0 1 1 0 0 0 0 0 1 1 0 1 0 1 0 0 0 0 0 0 0 0 0 0 1 0 0
  0 0 0 1 0 0 0 0 0 0 0 0 0 1 0 0 0 0 1 0 0 0 0 1 1 1 1 0 0 0 0 0 0 0 0 0
  0 0 0 1 0 0 0 0 0]
 [1 1 0 0 0 0 0 0 0 1 0 0 0 0 0 0 1 0 0 1 0 0 0 0 0 0 0 0 0 0 0 0 0 0 0 0
  0 0 0 0 1 1 0 0 0 0 0 1 0 0 0 0 1 0 0 1 0 1 0 0 0 1 0 0 0 0 0 0 1 0 0 0
  1 0 0 0 0 0 0 0 0]
 [0 0 1 0 0 0 1 0 0 0 0 1 0 0 0 0 0 0 0 0 0 1 0 1 1 0 1 1 0 1 0 0 0 1 1 0
  0 0 0 0 1 0 0 0 0 0 0 0 0 0 1 0 0 0 0 0 0 0 0 0 0 0 0 0 0 1 1 1 0 0 0 0
  0 0 0 0 0 0 0 0 0]
 [0 0 0 0 0 0 0 1 0 0 1 0 0 0 0 0 1 0 0 0 0 0 0 0 0 0 0 0 0 0 1 0 0 0 0 0
  0 1 0 0 0 1 0 1 0 0 0 0 1 0 1 0 0 0 0 0 0 0 1 0 1 0 0 1 0 0 1 0 0 0 1 1
  0 0 1 0 0 0 1 1 0]
 [0 0 0 0 0 0 0 0 1 0 0 0 0 0 1 0 0 1 0 0 0 1 0 1 0 0 0 0 1 0 0 1 1 0 0 0
  1 0 1 1 0 0 0 0 0 0 0 1 0 0 0 0 0 0 0 0 0 0 0 0 0 0 0 0 0 0 0 0 0 0 1 1
  1 1 0 0 0 0 0 0 1]
 [0 0 0 1 1 1 0 0 0 0 0 0 1 0 0 1 0 0 1 1 0 0 0 0 0 0 0 0 0 0 0 0 0 0 0 0
  0 0 0 0 0 0 0 1 0 0 1 0 1 0 0 0 0 0 0 0 1 0 0 0 0 0 1 0 1 0 0 1 0 0 0 0
  0 1 0 0 0 0 0 0 1]
 [0 1 0 0 1 1 0 0 0 0 0 0 0 1 0 0 0 0 0 0 1 0 0 0 1 0 0 1 1 0 0 0 1 0 0 1
  0 0 0 0 0 0 1 0 0 1 0 0 0 0 0 0 0 0 0 0 0 0 0 0 0 0 0 0 0 0 0 0 1 0 0 0
  0 0 1 0 0 1 0 1 0]]

Relation Properties for the Graph
+-----------------+-------+
|  Property name  | Value |
+=================+=======+
| reflexive       | False |
+-----------------+-------+
| anti_reflexive  | True  |
+-----------------+-------+
| irreflexive     | False |
+-----------------+-------+
| symmetric       | False |
+-----------------+-------+
| anti_symmetric  | False |
+-----------------+-------+
| asymmetric      | False |
+-----------------+-------+
| transitive      | False |
+-----------------+-------+
| intransitive    | True  |
+-----------------+-------+
| anti_transitive | False |
+-----------------+-------+


Vertex Properties for the Graph
+--------+------------+-----------+-----------------------------+
| Vertex | Out Degree | In Degree |          Neighbors          |
+========+============+===========+=============================+
|      0 |          8 |         8 | [1, 2, 3, 4, 5, 6, 7, 8]    |
+--------+------------+-----------+-----------------------------+
|      1 |          7 |         9 | [2, 4, 5, 6, 7, 8, 9]       |
+--------+------------+-----------+-----------------------------+
|      2 |          7 |         8 | [0, 1, 3, 5, 6, 8, 9]       |
+--------+------------+-----------+-----------------------------+
|      3 |          7 |         7 | [0, 1, 2, 5, 6, 7, 8]       |
+--------+------------+-----------+-----------------------------+
|      4 |          7 |         7 | [0, 1, 2, 3, 6, 7, 9]       |
+--------+------------+-----------+-----------------------------+
|      5 |          8 |         7 | [0, 1, 2, 3, 4, 6, 7, 9]    |
+--------+------------+-----------+-----------------------------+
|      6 |          8 |         9 | [0, 1, 3, 4, 5, 7, 8, 9]    |
+--------+------------+-----------+-----------------------------+
|      7 |          8 |         8 | [0, 1, 2, 4, 5, 6, 8, 9]    |
+--------+------------+-----------+-----------------------------+
|      8 |          8 |         7 | [0, 1, 2, 3, 4, 6, 7, 9]    |
+--------+------------+-----------+-----------------------------+
|      9 |          9 |         7 | [0, 1, 2, 3, 4, 5, 6, 7, 8] |
+--------+------------+-----------+-----------------------------+



Process finished with exit code 0
